261245.00000 1274052.00000
430351.00000 1412049.00000
404928.00000 1404424.00000
394213.00000 1410909.00000
381608.00000 1405219.00000
394307.00000 1400609.00000
381426.00000 1402148.00000
374500.00000 1402804.00000
362029.00000 1402648.00000
363357.00000 1395301.00000
362328.00000 1390339.00000
355125.00000 1393856.00000
353617.00000 1400724.00000
354122.00000 1394130.00000
352652.00000 1393833.00000
353950.00000 1383406.00000
363905.00000 1381052.00000
375408.00000 1390125.00000
364143.00000 1371241.00000
363540.00000 1363732.00000
360355.00000 1361319.00000
352328.00000 1364320.00000
345837.00000 1382259.00000
351049.00000 1365424.00000
344349.00000 1363031.00000
350016.00000 1355206.00000
350117.00000 1354520.00000
344111.00000 1353112.00000
344129.00000 1351059.00000
344107.00000 1354958.00000
341334.00000 1351003.00000
353013.00000 1341418.00000
352820.00000 1330302.00000
343942.00000 1335606.00000
342347.00000 1322734.00000
341109.00000 1312817.00000
340357.00000 1343334.00000
342025.00000 1340236.00000
335030.00000 1324558.00000
333335.00000 1333152.00000
333623.00000 1302505.00000
331458.00000 1301756.00000
324441.00000 1295225.00000
324723.00000 1304430.00000
331417.00000 1313645.00000
315440.00000 1312526.00000
313337.00000 1303329.00000
261245.00000 1274052.00000
